      1.2000      0.9974     -1.9884     -0.3906
      1.2260     -0.9967     -1.9863      3.0271
      1.2520     -0.9960     -1.9841      5.1627
      1.2780      0.0505     -1.9087      1.2551
      1.3040      0.9946     -1.9797      0.7616
      1.3300     -0.9938     -1.9772     -1.7172
      1.3560      0.9928     -1.9741     -1.1122
      1.3820     -0.6749     -1.9181     10.9088
      1.4080     -0.9908     -1.9665      1.4969
      1.4340     -0.9899     -1.9626      1.0699
      1.4600     -0.9888     -1.9583      0.0293
      1.4860      0.9874     -1.9535     -0.4529
      1.5120      0.0449     -1.8294      0.2964
      1.5380     -0.9841     -1.9428     -0.0222
      1.5640      0.9822     -1.9368      0.4139
      1.5900      0.9803     -1.9301      0.7684
      1.6160      0.9783     -1.9234      1.1249
      1.6420      0.9760     -1.9159      1.0394
      1.6680      0.9733     -1.9075      0.8788
      1.6940      0.9706     -1.8991      0.8198
      1.7200      0.2612     -1.8027      0.3068
      1.7460     -0.5021     -1.8233      4.3275
      1.7720      0.9607     -1.8691      0.8631
      1.7980     -0.9568     -1.8579      0.9860
      1.8240      0.0479     -1.7577      0.4820
      1.8500      0.7958     -1.8082      3.6161
      1.8760      0.9429     -1.8192      0.4553
      1.9020     -0.9379     -1.8057      0.5515
      1.9280     -0.9314     -1.7890      0.6638
      1.9540     -0.4142     -1.6967      3.0110
      1.9800      0.9163     -1.7534      0.7311
      2.0060      0.0044     -1.6409      0.9530
      2.0320     -0.8944     -1.7117      0.7923
      2.0580     -0.8884     -1.6918      0.7104
      2.0840     -0.8775     -1.6697      0.9345
      2.1100     -0.8622     -1.6420      1.1000
      2.1360      0.7738     -1.5957      2.7318
      2.1620      0.8270     -1.5837      1.2649
      2.1880      0.7611     -1.5380      2.1160
      2.2140      0.7399     -1.5008      1.9475
      2.2400     -0.7072     -1.4602      1.7708
      2.2660      0.6406     -1.4119      2.2917
      2.2920      0.2730     -1.3257      2.8670
      2.3180     -0.2946     -1.2827      1.9186
      2.3440     -0.0232     -1.2343      1.5301
      2.3700      0.1373     -1.2063      1.6137
      2.3960      0.0737     -1.1712      1.2718
      2.4220      0.0238     -1.1378      1.1558
      2.4480     -0.0037     -1.1097      1.0000
      2.4740     -0.0093     -1.0834      0.9856
      2.5000     -0.0027     -1.0578      0.8973
      2.5260      0.0046     -1.0361      0.8569
      2.5520     -0.0034     -1.0162      0.8249
      2.5780      0.0013     -0.9942      0.8266
      2.6040     -0.0090     -0.9762      0.8248
      2.6300      0.0056     -0.9560      0.7717
      2.6560      0.0023     -0.9397      0.7303
      2.6820      0.0020     -0.9237      0.6902
      2.7080     -0.0050     -0.9069      0.6634
      2.7340     -0.0002     -0.8914      0.5781
      2.7600     -0.0030     -0.8776      0.5699
      2.7860      0.0050     -0.8628      0.5402
      2.8120      0.0042     -0.8497      0.4990
      2.8380     -0.0007     -0.8352      0.5331
      2.8640      0.0001     -0.8227      0.5038
      2.8900     -0.0020     -0.8116      0.5049
      2.9160      0.0005     -0.7997      0.4551
      2.9420      0.0030     -0.7881      0.4685
      2.9680      0.0008     -0.7774      0.4476
      2.9940     -0.0012     -0.7674      0.4181
      3.0200      0.0004     -0.7563      0.4023
      3.0460     -0.0009     -0.7465      0.3990
      3.0720      0.0019     -0.7378      0.3965
      3.0980     -0.0016     -0.7267      0.3766
      3.1240     -0.0001     -0.7184      0.3756
      3.1500     -0.0019     -0.7088      0.3353
      3.1760      0.0015     -0.7001      0.3500
      3.2020     -0.0025     -0.6921      0.3385
      3.2280     -0.0002     -0.6842      0.3295
      3.2540      0.0010     -0.6765      0.3396
      3.2800      0.0015     -0.6681      0.3360
      3.3060      0.0007     -0.6610      0.3310
      3.3320      0.0008     -0.6524      0.3525
      3.3580      0.0025     -0.6463      0.3421
      3.3840      0.0002     -0.6393      0.3379
      3.4100     -0.0010     -0.6326      0.3304
      3.4360      0.0003     -0.6259      0.3179
      3.4620      0.0010     -0.6189      0.3011
      3.4880      0.0007     -0.6125      0.2814
      3.5140     -0.0002     -0.6063      0.2720
      3.5400      0.0008     -0.6001      0.2567
      3.5660      0.0004     -0.5948      0.2457
      3.5920      0.0004     -0.5887      0.2426
      3.6180      0.0007     -0.5834      0.2326
      3.6440      0.0026     -0.5776      0.2311
      3.6700     -0.0009     -0.5718      0.2281
      3.6960      0.0008     -0.5666      0.2232
      3.7220      0.0004     -0.5608      0.2168
      3.7480      0.0001     -0.5558      0.2177
      3.7740      0.0006     -0.5506      0.1997
      3.8000     -0.0002     -0.5456      0.2003
